0
0
0
0
0
0
0
0
0
0
0
0
0
0
0
0
-1
-1
0
-1
-1
0
0
0
2
1
-1
-2
-3
-1
-1
0
1
1
-2
-11
-18
-16
-8
-10
-22
-25
-2
29
33
3
-36
-52
-39
-9
21
38
29
0
-27
-30
-10
14
26
32
45
58
47
6
-38
-50
-24
16
43
49
37
13
-13
-22
-9
11
27
36
26
-15
-66
-75
-16
59
79
45
29
74
131
126
68
46
111
206
228
151
44
-14
-34
-57
-69
-5
134
219
125
-90
-229
-179
-39
27
-14
-50
-2
69
69
-2
-46
11
137
218
178
61
-1
55
148
167
114
93
147
194
132
-28
-186
-272
-271
-186
-29
111
103
-72
-266
-303
-177
-47
-39
-111
-136
-46
104
205
180
13
-240
-437
-428
-187
128
296
236
78
25
151
333
382
214
-65
-265
-285
-185
-72
5
53
53
-16
-88
-54
89
195
142
-7
-89
-40
51
95
114
186
300
344
226
-8
-209
-273
-215
-101
50
220
301
168
-116
-298
-206
30
136
28
-112
-104
19
97
38
-117
-263
-294
-157
77
225
172
26
5
173
358
348
125
-124
-214
-115
72
244
361
408
361
198
-60
-336
-558
-674
-661
-502
-201
203
637
1005
1176
1010
451
-375
-1186
-1705
-1793
-1465
-799
90
1055
1892
2390
2356
1697
462
-1057
-2421
-3178
-3122
-2290
-894
828
2554
3886
4416
3922
2436
225
-2245
-4350
-5439
-5150
-3552
-1073
1781
4440
6270
6642
5316
2607
-734
-3905
-6243
-7246
-6611
-4355
-927
2918
6286
8333
8442
6453
2797
-1645
-5815
-8763
-9741
-8393
-4914
-130
4721
8455
10204
9609
6734
2178
-3062
-7751
-10763
-11346
-9233
-4839
838
6338
10342
11952
10858
7198
1553
-4874
-10488
-13687
-13596
-10217
-4396
2477
8790
12998
14141
11973
7018
331
-6635
-12212
-14973
-14166
-10005
-3464
4006
10723
15011
15631
12322
6020
-1528
-8484
-13433
-15487
-14129
-9400
-2164
5829
12452
16042
15807
11943
5371
-2441
-9663
-14606
-16059
-13685
-8028
-390
7333
13276
16034
15067
10669
3743
-4174
-11203
-15533
-16046
-12759
-6564
1070
8437
13861
15977
14288
9285
2209
-5360
-11820
-15628
-15666
-11753
-4895
3043
10112
14833
16300
14144
8652
965
-7055
-13359
-16365
-15382
-10704
-3511
4456
11320
15474
15966
12690
6420
-1335
-8792
-14270
-16461
-14757
-9435
-1764
6264
12639
15884
15377
11406
4902
-2752
-9931
-15033
-16720
-14340
-8334
-230
7775
13584
15942
14623
10186
3582
-4033
-11174
-16010
-16890
-13202
-5939
2575
9748
13881
14646
12679
8737
3189
-3716
-11040
-16665
-17991
-13585
-4573
5511
12762
15289
13921
10778
7112
2525
-3826
-11321
-17246
-18188
-12485
-2020
8459
14451
14699
11608
8514
6326
2949
-3872
-13149
-20243
-20078
-11426
1535
12047
15682
13156
8922
6719
6226
3812
-3338
-13504
-20746
-19340
-8725
5371
15030
16146
11212
6354
5338
6252
3923
-4393
-15510
-22158
-18663
-5812
9153
17676
16348
9329
4143
4474
6908
4767
-4663
-16684
-22656
-17158
-2770
11559
17447
13522
6005
2624
5268
8438
5027
-6262
-18831
-23328
-15367
645
14542
18189
11921
3745
1591
5775
9049
4253
-8125
-19744
-21374
-10589
5996
17685
17901
9376
1471
1349
7077
9688
2476
-11783
-22795
-21558
-7931
9287
19161
17051
7817
1108
2421
8060
9115
677
-12936
-21699
-18360
-4431
11020
18328
14574
5581
539
3399
9058
8526
-1814
-15984
-23135
-16844
-599
14809
19797
13455
3771
136
4583
10074
7691
-4260
-18024
-22897
-14246
2586
16467
19161
11690
2931
1130
6101
9731
4440
-8882
-21098
-22580
-11193
6015
18127
18543
9970
1792
1416
7220
10301
3685
-10272
-21516
-20905
-7943
8912
18812
16831
7554
693
2079
8080
9353
538
-13848
-23067
-19439
-4683
11596
19333
15550
6239
760
3285
8964
8810
-1169
-15373
-23002
-17293
-1388
13994
19142
13102
3870
578
4809
9524
6495
-5315
-18379
-22831
-14501
1762
15602
18873
11952
3088
754
5680
10301
6393
-6454
-19595
-22395
-11462
6140
18464
18507
9594
1567
1419
7145
10140
3656
-10400
-22254
-22140
-8767
9075
19462
17166
7499
648
2031
7833
9378
1548
-12321
-22628
-20856
-6558
11328
20961
17359
6802
532
3439
9363
8173
-3198
-17377
-23403
-16234
-405
13936
18623
13185
4642
1152
4602
9070
6874
-3681
-16238
-21459
-14470
1034
15148
19125
12559
3516
744
5237
9726
6375
-5380
-18030
-21999
-13191
3405
16899
18930
10816
2166
1213
6568
9265
2728
-10203
-19920
-18619
-6509
8752
17750
16087
7570
997
2205
8228
9869
1000
-14459
-25023
-21425
-4867
13596
21987
16996
6155
351
3501
9268
8013
-3141
-17061
-22842
-15151
1496
16274
20285
13266
3493
189
4818
9858
6664
-5507
-18324
-21640
-11932
4974
18293
20247
11974
2502
581
6218
10551
4919
-9882
-23594
-25356
-12879
5791
18689
19044
10065
1515
748
6272
9760
4499
-7894
-18548
-18754
-7221
8616
18251
16434
7344
534
1968
8371
10383
1783
-13866
-25424
-23478
-8567
9049
17882
14457
5314
277
3316
9198
8755
-2025
-17396
-26068
-20726
-4422
11782
17857
12665
3871
331
4103
9230
7858
-2187
-14878
-20391
-13035
3509
18241
21469
13151
2852
385
6033
10501
4909
-9698
-22944
-24497
-12804
4173
15619
15956
8457
1766
1995
7164
9445
3274
-8786
-18066
-17208
-6002
8566
17393
15956
7840
1572
2547
7690
8798
1307
-10824
-18659
-15986
-4041
9632
16599
13641
5386
452
3263
9135
8510
-3032
-19146
-27535
-20735
-2750
14253
19940
13739
4132
313
3995
8749
6932
-2772
-14020
-18184
-11350
2501
14364
16999
10663
2671
558
4835
8550
4371
-7725
-19632
-21843
-11573
4686
16262
16738
8787
1150
425
5154
7716
2119
-9804
-19519
-19056
-7868
6586
14903
13209
5697
215
1006
5219
6172
88
-10010
-16649
-14254
-3938
7335
12401
9509
3147
-446
1089
4478
4338
-1468
-9526
-13655
-10215
-1292
7031
9676
6464
1626
-341
1383
3644
2653
-2252
-7826
-9710
-6183
396
5607
6539
3856
746
-87
1312
2545
1347
-2171
-5542
-6087
-3237
1019
3844
3834
1904
181
23
982
1482
452
-1648
-3253
-3099
-1279
902
2051
1755
716
-17
31
480
604
61
-803
-1313
-1081
-309
433
709
509
157
-29
13
