0.00000000
0.71311849
-0.70236663
1.31918107
-0.10603158
0.58778525
1.27233236
-0.18054327
1.79538444
0.31704180
0.95105652
1.57007250
0.04697021
1.94908324
0.39450200
0.95105652
1.49261230
-0.10672859
1.72156976
0.09676185
0.58778525
1.06953893
-0.58293196
1.19974640
-0.46245202
-0.00000000
0.46245202
-1.19974640
0.58293196
-1.06953893
-0.58778525
-0.09676185
-1.72156976
0.10672859
-1.49261230
-0.95105652
-0.39450200
-1.94908324
-0.04697021
-1.57007250
-0.95105652
-0.31704180
-1.79538444
0.18054327
-1.27233236
-0.58778525
0.10603158
-1.31918107
0.70236663
-0.71311849
-0.00000000
0.71311849
-0.70236663
1.31918107
-0.10603158
0.58778525
1.27233236
-0.18054327
1.79538444
0.31704180
0.95105652
1.57007250
0.04697021
1.94908324
0.39450200
0.95105652
1.49261230
-0.10672859
1.72156976
0.09676185
0.58778525
1.06953893
-0.58293196
1.19974640
-0.46245202
-0.00000000
0.46245202
-1.19974640
0.58293196
-1.06953893
-0.58778525
-0.09676185
-1.72156976
0.10672859
-1.49261230
-0.95105652
-0.39450200
-1.94908324
-0.04697021
-1.57007250
-0.95105652
-0.31704180
-1.79538444
0.18054327
-1.27233236
-0.58778525
0.10603158
-1.31918107
0.70236663
-0.71311849
-0.00000000
0.71311849
-0.70236663
1.31918107
-0.10603158
0.58778525
1.27233236
-0.18054327
1.79538444
0.31704180
0.95105652
1.57007250
0.04697021
1.94908324
0.39450200
0.95105652
1.49261230
-0.10672859
1.72156976
0.09676185
0.58778525
1.06953893
-0.58293196
1.19974640
-0.46245202
0.00000000
0.46245202
-1.19974640
0.58293196
-1.06953893
-0.58778525
-0.09676185
-1.72156976
0.10672859
-1.49261230
-0.95105652
-0.39450200
-1.94908324
-0.04697021
-1.57007250
-0.95105652
-0.31704180
-1.79538444
0.18054327
-1.27233236
-0.58778525
0.10603158
-1.31918107
0.70236663
-0.71311849
-0.00000000
0.71311849
-0.70236663
1.31918107
-0.10603158
0.58778525
1.27233236
-0.18054327
1.79538444
0.31704180
0.95105652
1.57007250
0.04697021
1.94908324
0.39450200
0.95105652
1.49261230
-0.10672859
1.72156976
0.09676185
0.58778525
1.06953893
-0.58293196
1.19974640
-0.46245202
-0.00000000
0.46245202
-1.19974640
0.58293196
-1.06953893
-0.58778525
-0.09676185
-1.72156976
0.10672859
-1.49261230
-0.95105652
-0.39450200
-1.94908324
-0.04697021
-1.57007250
-0.95105652
-0.31704180
-1.79538444
0.18054327
-1.27233236
-0.58778525
0.10603158
-1.31918107
0.70236663
-0.71311849
-0.00000000
0.71311849
-0.70236663
1.31918107
-0.10603158
0.58778525
1.27233236
-0.18054327
1.79538444
0.31704180
0.95105652
1.57007250
0.04697021
1.94908324
0.39450200
0.95105652
1.49261230
-0.10672859
1.72156976
0.09676185
0.58778525
1.06953893
-0.58293196
1.19974640
-0.46245202
-0.00000000
0.46245202
-1.19974640
0.58293196
-1.06953893
-0.58778525
-0.09676185
-1.72156976
0.10672859
-1.49261230
-0.95105652
-0.39450200
-1.94908324
-0.04697021
-1.57007250
-0.95105652
-0.31704180
-1.79538444
0.18054327
-1.27233236
-0.58778525
0.10603158
-1.31918107
0.70236663
-0.71311849
0.00000000
0.71311849
-0.70236663
1.31918107
-0.10603158
0.58778525
1.27233236
-0.18054327
1.79538444
0.31704180
0.95105652
1.57007250
0.04697021
1.94908324
0.39450200
0.95105652
1.49261230
-0.10672859
1.72156976
0.09676185
0.58778525
1.06953893
-0.58293196
1.19974640
-0.46245202
0.00000000
0.46245202
-1.19974640
0.58293196
-1.06953893
-0.58778525
-0.09676185
-1.72156976
0.10672859
-1.49261230
-0.95105652
-0.39450200
-1.94908324
-0.04697021
-1.57007250
-0.95105652
-0.31704180
-1.79538444
0.18054327
-1.27233236
-0.58778525
0.10603158
-1.31918107
0.70236663
-0.71311849
-0.00000000
0.71311849
-0.70236663
1.31918107
-0.10603158
0.58778525
1.27233236
-0.18054327
1.79538444
0.31704180
0.95105652
1.57007250
0.04697021
1.94908324
0.39450200
0.95105652
1.49261230
-0.10672859
1.72156976
0.09676185
0.58778525
1.06953893
-0.58293196
1.19974640
-0.46245202
-0.00000000
0.46245202
-1.19974640
0.58293196
-1.06953893
-0.58778525
-0.09676185
-1.72156976
0.10672859
-1.49261230
-0.95105652
-0.39450200
-1.94908324
-0.04697021
-1.57007250
-0.95105652
-0.31704180
-1.79538444
0.18054327
-1.27233236
-0.58778525
0.10603158
-1.31918107
0.70236663
-0.71311849
-0.00000000
0.71311849
-0.70236663
1.31918107
-0.10603158
0.58778525
1.27233236
-0.18054327
1.79538444
0.31704180
0.95105652
1.57007250
0.04697021
1.94908324
0.39450200
0.95105652
1.49261230
-0.10672859
1.72156976
0.09676185
0.58778525
1.06953893
-0.58293196
1.19974640
-0.46245202
-0.00000000
0.46245202
-1.19974640
0.58293196
-1.06953893
-0.58778525
-0.09676185
-1.72156976
0.10672859
-1.49261230
-0.95105652
-0.39450200
-1.94908324
-0.04697021
-1.57007250
-0.95105652
-0.31704180
-1.79538444
0.18054327
-1.27233236
-0.58778525
0.10603158
-1.31918107
0.70236663
-0.71311849
-0.00000000
0.71311849
-0.70236663
1.31918107
-0.10603158
0.58778525
1.27233236
-0.18054327
1.79538444
0.31704180
0.95105652
1.57007250
0.04697021
1.94908324
0.39450200
0.95105652
1.49261230
-0.10672859
1.72156976
0.09676185
0.58778525
1.06953893
-0.58293196
1.19974640
-0.46245202
-0.00000000
0.46245202
-1.19974640
0.58293196
-1.06953893
-0.58778525
-0.09676185
-1.72156976
0.10672859
-1.49261230
-0.95105652
-0.39450200
-1.94908324
-0.04697021
-1.57007250
-0.95105652
-0.31704180
-1.79538444
0.18054327
-1.27233236
-0.58778525
0.10603158
-1.31918107
0.70236663
-0.71311849
-0.00000000
0.71311849
-0.70236663
1.31918107
-0.10603158
0.58778525
1.27233236
-0.18054327
1.79538444
0.31704180
0.95105652
1.57007250
0.04697021
1.94908324
0.39450200
0.95105652
1.49261230
-0.10672859
1.72156976
0.09676185
0.58778525
1.06953893
-0.58293196
1.19974640
-0.46245202
-0.00000000
0.46245202
-1.19974640
0.58293196
-1.06953893
-0.58778525
-0.09676185
-1.72156976
0.10672859
-1.49261230
-0.95105652
-0.39450200
-1.94908324
-0.04697021
-1.57007250
-0.95105652
-0.31704180
-1.79538444
0.18054327
-1.27233236
-0.58778525
0.10603158
-1.31918107
0.70236663
-0.71311849
0.00000000
0.71311849
-0.70236663
1.31918107
-0.10603158
0.58778525
1.27233236
-0.18054327
1.79538444
0.31704180
0.95105652
1.57007250
0.04697021
1.94908324
0.39450200
0.95105652
1.49261230
-0.10672859
1.72156976
0.09676185
0.58778525
1.06953893
-0.58293196
1.19974640
-0.46245202
0.00000000
0.46245202
-1.19974640
0.58293196
-1.06953893
-0.58778525
-0.09676185
-1.72156976
0.10672859
-1.49261230
-0.95105652
-0.39450200
-1.94908324
-0.04697021
-1.57007250
-0.95105652
-0.31704180
-1.79538444
0.18054327
-1.27233236
-0.58778525
0.10603158
-1.31918107
0.70236663
-0.71311849
0.00000000
0.71311849
-0.70236663
1.31918107
-0.10603158
0.58778525
1.27233236
-0.18054327
1.79538444
0.31704180
0.95105652
1.57007250
0.04697021
1.94908324
0.39450200
0.95105652
1.49261230
-0.10672859
1.72156976
0.09676185
0.58778525
1.06953893
-0.58293196
1.19974640
-0.46245202
0.00000000
0.46245202
-1.19974640
0.58293196
-1.06953893
-0.58778525
-0.09676185
-1.72156976
0.10672859
-1.49261230
-0.95105652
-0.39450200
-1.94908324
-0.04697021
-1.57007250
-0.95105652
-0.31704180
-1.79538444
0.18054327
-1.27233236
-0.58778525
0.10603158
-1.31918107
0.70236663
-0.71311849
-0.00000000
0.71311849
-0.70236663
1.31918107
-0.10603158
0.58778525
1.27233236
-0.18054327
1.79538444
0.31704180
0.95105652
1.57007250
0.04697021
1.94908324
0.39450200
0.95105652
1.49261230
-0.10672859
1.72156976
0.09676185
0.58778525
1.06953893
-0.58293196
1.19974640
-0.46245202
-0.00000000
0.46245202
-1.19974640
0.58293196
-1.06953893
-0.58778525
-0.09676185
-1.72156976
0.10672859
-1.49261230
-0.95105652
-0.39450200
-1.94908324
-0.04697021
-1.57007250
-0.95105652
-0.31704180
-1.79538444
0.18054327
-1.27233236
-0.58778525
0.10603158
-1.31918107
0.70236663
-0.71311849
-0.00000000
0.71311849
-0.70236663
1.31918107
-0.10603158
0.58778525
1.27233236
-0.18054327
1.79538444
0.31704180
0.95105652
1.57007250
0.04697021
1.94908324
0.39450200
0.95105652
1.49261230
-0.10672859
1.72156976
0.09676185
0.58778525
1.06953893
-0.58293196
1.19974640
-0.46245202
-0.00000000
0.46245202
-1.19974640
0.58293196
-1.06953893
-0.58778525
-0.09676185
-1.72156976
0.10672859
-1.49261230
-0.95105652
-0.39450200
-1.94908324
-0.04697021
-1.57007250
-0.95105652
-0.31704180
-1.79538444
0.18054327
-1.27233236
-0.58778525
0.10603158
-1.31918107
0.70236663
-0.71311849
-0.00000000
0.71311849
-0.70236663
1.31918107
-0.10603158
0.58778525
1.27233236
-0.18054327
1.79538444
0.31704180
0.95105652
1.57007250
0.04697021
1.94908324
0.39450200
0.95105652
1.49261230
-0.10672859
1.72156976
0.09676185
0.58778525
1.06953893
-0.58293196
1.19974640
-0.46245202
-0.00000000
0.46245202
-1.19974640
0.58293196
-1.06953893
-0.58778525
-0.09676185
-1.72156976
0.10672859
-1.49261230
-0.95105652
-0.39450200
-1.94908324
-0.04697021
-1.57007250
-0.95105652
-0.31704180
-1.79538444
0.18054327
-1.27233236
-0.58778525
0.10603158
-1.31918107
0.70236663
-0.71311849
-0.00000000
0.71311849
-0.70236663
1.31918107
-0.10603158
0.58778525
1.27233236
-0.18054327
1.79538444
0.31704180
0.95105652
1.57007250
0.04697021
1.94908324
0.39450200
0.95105652
1.49261230
-0.10672859
1.72156976
0.09676185
0.58778525
1.06953893
-0.58293196
1.19974640
-0.46245202
-0.00000000
0.46245202
-1.19974640
0.58293196
-1.06953893
-0.58778525
-0.09676185
-1.72156976
0.10672859
-1.49261230
-0.95105652
-0.39450200
-1.94908324
-0.04697021
-1.57007250
-0.95105652
-0.31704180
-1.79538444
0.18054327
-1.27233236
-0.58778525
0.10603158
-1.31918107
0.70236663
-0.71311849
-0.00000000
0.71311849
-0.70236663
1.31918107
-0.10603158
0.58778525
1.27233236
-0.18054327
1.79538444
0.31704180
0.95105652
1.57007250
0.04697021
1.94908324
0.39450200
0.95105652
1.49261230
-0.10672859
1.72156976
0.09676185
0.58778525
1.06953893
-0.58293196
1.19974640
-0.46245202
-0.00000000
0.46245202
-1.19974640
0.58293196
-1.06953893
-0.58778525
-0.09676185
-1.72156976
0.10672859
-1.49261230
-0.95105652
-0.39450200
-1.94908324
-0.04697021
-1.57007250
-0.95105652
-0.31704180
-1.79538444
0.18054327
-1.27233236
-0.58778525
0.10603158
-1.31918107
0.70236663
-0.71311849
-0.00000000
0.71311849
-0.70236663
1.31918107
-0.10603158
0.58778525
1.27233236
-0.18054327
1.79538444
0.31704180
0.95105652
1.57007250
0.04697021
1.94908324
0.39450200
0.95105652
1.49261230
-0.10672859
1.72156976
0.09676185
0.58778525
1.06953893
-0.58293196
1.19974640
-0.46245202
-0.00000000
0.46245202
-1.19974640
0.58293196
-1.06953893
-0.58778525
-0.09676185
-1.72156976
0.10672859
-1.49261230
-0.95105652
-0.39450200
-1.94908324
-0.04697021
-1.57007250
-0.95105652
-0.31704180
-1.79538444
0.18054327
-1.27233236
-0.58778525
0.10603158
-1.31918107
0.70236663
-0.71311849
-0.00000000
0.71311849
-0.70236663
1.31918107
-0.10603158
0.58778525
1.27233236
-0.18054327
1.79538444
0.31704180
0.95105652
1.57007250
0.04697021
1.94908324
0.39450200
0.95105652
1.49261230
-0.10672859
1.72156976
0.09676185
0.58778525
1.06953893
-0.58293196
1.19974640
-0.46245202
-0.00000000
0.46245202
-1.19974640
0.58293196
-1.06953893
-0.58778525
-0.09676185
-1.72156976
0.10672859
-1.49261230
-0.95105652
-0.39450200
-1.94908324
-0.04697021
-1.57007250
-0.95105652
-0.31704180
-1.79538444
0.18054327
-1.27233236
-0.58778525
0.10603158
-1.31918107
0.70236663
-0.71311849
-0.00000000
0.71311849
-0.70236663
1.31918107
-0.10603158
0.58778525
1.27233236
-0.18054327
1.79538444
0.31704180
0.95105652
1.57007250
0.04697021
1.94908324
0.39450200
0.95105652
1.49261230
-0.10672859
1.72156976
0.09676185
0.58778525
1.06953893
-0.58293196
1.19974640
-0.46245202
-0.00000000
0.46245202
-1.19974640
0.58293196
-1.06953893
-0.58778525
-0.09676185
-1.72156976
0.10672859
-1.49261230
-0.95105652
-0.39450200
-1.94908324
-0.04697021
-1.57007250
-0.95105652
-0.31704180
-1.79538444
0.18054327
-1.27233236
-0.58778525
0.10603158
-1.31918107
0.70236663
-0.71311849
0.00000000
0.71311849
-0.70236663
1.31918107
-0.10603158
0.58778525
1.27233236
-0.18054327
1.79538444
0.31704180
0.95105652
1.57007250
0.04697021
1.94908324
0.39450200
0.95105652
1.49261230
-0.10672859
1.72156976
0.09676185
0.58778525
1.06953893
-0.58293196
1.19974640
