0.00097656
0.00000000
-0.00097656
0.00000000
0.00097656
0.00000000
-0.00195312
-0.00097656
0.00292969
0.00195312
-0.00292969
-0.00292969
0.00292969
0.00585938
-0.00195312
-0.00781250
0.00097656
0.00976562
0.00000000
-0.01269531
-0.00390625
0.01367188
0.00878906
-0.01464844
-0.01464844
0.01464844
0.02246094
-0.01171875
-0.03027344
0.00683594
0.03906250
0.00097656
-0.04785156
-0.01464844
0.05664062
0.03320312
-0.06445312
-0.06250000
0.07128906
0.11132812
-0.07617188
-0.21289062
0.07910156
0.68261719
1.00000000
0.68261719
0.07910156
-0.21289062
-0.07617188
0.11132812
0.07128906
-0.06250000
-0.06445312
0.03320312
0.05664062
-0.01464844
-0.04785156
0.00097656
0.03906250
0.00683594
-0.03027344
-0.01171875
0.02246094
0.01464844
-0.01464844
-0.01464844
0.00878906
0.01367188
-0.00390625
-0.01269531
0.00000000
0.00976562
0.00097656
-0.00781250
-0.00195312
0.00585938
0.00292969
-0.00292969
-0.00292969
0.00195312
0.00292969
-0.00097656
-0.00195312
0.00000000
0.00097656
0.00000000
-0.00097656
0.00000000
0.00097656
