0.0
0.0
-3.0517578125e-05
0.0
0.0
0.0
-3.0517578125e-05
-3.0517578125e-05
-3.0517578125e-05
-3.0517578125e-05
0.0
-3.0517578125e-05
-3.0517578125e-05
-3.0517578125e-05
3.0517578125e-05
-9.1552734375e-05
0.0
0.0
3.0517578125e-05
9.1552734375e-05
-0.00030517578125
0.0001220703125
-3.0517578125e-05
3.0517578125e-05
9.1552734375e-05
-9.1552734375e-05
3.0517578125e-05
0.0
0.0
3.0517578125e-05
-0.000213623046875
0.0
-3.0517578125e-05
-0.000274658203125
0.00030517578125
-0.000213623046875
0.0
-3.0517578125e-05
0.00018310546875
0.0
-0.000274658203125
-0.00018310546875
9.1552734375e-05
0.00030517578125
0.000213623046875
-0.00079345703125
0.0
-6.103515625e-05
9.1552734375e-05
-0.0009765625
-0.0003662109375
-6.103515625e-05
-0.000732421875
0.00103759765625
-0.00079345703125
-3.0517578125e-05
-3.0517578125e-05
-0.00042724609375
0.00030517578125
-0.001708984375
-0.0008544921875
0.000213623046875
0.0018310546875
0.002410888671875
-0.00054931640625
-0.000244140625
6.103515625e-05
-0.000701904296875
-0.001373291015625
-0.001373291015625
-6.103515625e-05
-0.00018310546875
0.000732421875
-0.00128173828125
6.103515625e-05
-0.0001220703125
-0.000518798828125
0.00042724609375
0.001983642578125
0.000213623046875
-0.000518798828125
0.003143310546875
-0.002655029296875
-0.000457763671875
-6.103515625e-05
-0.001953125
0.002044677734375
-0.002349853515625
0.00128173828125
0.000244140625
-0.001068115234375
0.0023193359375
-0.0003662109375
0.00030517578125
-0.001434326171875
0.00262451171875
0.002197265625
-0.00054931640625
0.000213623046875
0.000732421875
0.00048828125
0.000579833984375
0.00140380859375
-0.0008544921875
0.00042724609375
-0.002532958984375
-0.002532958984375
0.000152587890625
-0.000335693359375
0.00115966796875
0.002655029296875
-0.001495361328125
0.001556396484375
0.000823974609375
-0.00140380859375
0.00054931640625
-0.0001220703125
0.000885009765625
0.00396728515625
-0.000396728515625
-0.001739501953125
-0.000701904296875
-0.002349853515625
-0.00299072265625
0.00421142578125
0.0
0.0035400390625
0.001190185546875
-0.004364013671875
-0.000946044921875
-6.103515625e-05
0.00341796875
0.00140380859375
-0.001983642578125
-0.000640869140625
0.004608154296875
-0.005584716796875
-0.001953125
-0.000335693359375
-0.002197265625
-0.001007080078125
0.0018310546875
0.004241943359375
0.000579833984375
0.00384521484375
-0.005645751953125
0.00360107421875
-0.00030517578125
0.002716064453125
-0.000640869140625
-0.000518798828125
0.00079345703125
0.00225830078125
0.01312255859375
-0.00634765625
-0.00067138671875
0.0008544921875
0.00506591796875
0.000518798828125
-0.0008544921875
-3.0517578125e-05
0.001861572265625
0.005645751953125
0.008453369140625
-0.000518798828125
0.00506591796875
0.00628662109375
-0.0106201171875
0.00433349609375
0.001556396484375
-0.0032958984375
0.004669189453125
-0.00360107421875
3.0517578125e-05
-0.0001220703125
-0.00079345703125
-0.001983642578125
-0.000518798828125
0.0009765625
-0.003204345703125
0.00836181640625
0.001068115234375
0.00103759765625
0.0
0.01129150390625
-0.001922607421875
0.001007080078125
-0.009979248046875
-0.007843017578125
-0.00323486328125
-0.00091552734375
-0.001678466796875
0.00347900390625
0.00469970703125
-0.000244140625
-0.001220703125
-0.00372314453125
-0.004180908203125
-0.0003662109375
-0.00018310546875
0.002532958984375
0.006561279296875
-0.000396728515625
-0.0008544921875
-0.00689697265625
0.007476806640625
0.000732421875
0.0
-0.002777099609375
-0.001251220703125
0.001129150390625
-0.000579833984375
0.0028076171875
0.01116943359375
-0.001312255859375
3.0517578125e-05
-0.00146484375
0.012725830078125
-0.000152587890625
-3.0517578125e-05
-0.0101318359375
0.00482177734375
0.00299072265625
-0.001190185546875
0.003509521484375
0.006866455078125
0.001983642578125
0.004486083984375
0.003082275390625
-0.00775146484375
0.00225830078125
0.0023193359375
-0.003021240234375
0.019073486328125
-0.00299072265625
0.002593994140625
0.0030517578125
-0.0047607421875
-0.002593994140625
-0.001373291015625
0.00201416015625
-0.007598876953125
-0.009429931640625
0.001617431640625
-0.000152587890625
-0.002716064453125
-0.0123291015625
0.001617431640625
-0.000701904296875
0.008880615234375
-0.005279541015625
0.00177001953125
-0.0015869140625
0.010650634765625
-0.002685546875
-0.007476806640625
-0.004852294921875
-0.00616455078125
-0.011077880859375
-0.001312255859375
0.004150390625
0.00079345703125
-0.003021240234375
0.00079345703125
0.000152587890625
-0.010467529296875
0.0037841796875
-0.001007080078125
-0.004852294921875
-0.00341796875
0.0078125
-0.00384521484375
0.004608154296875
0.00238037109375
0.001007080078125
-0.0003662109375
0.008392333984375
0.001373291015625
-0.00433349609375
0.001220703125
-0.003448486328125
-0.012054443359375
-0.01116943359375
-0.002777099609375
0.004180908203125
-0.003265380859375
-0.017791748046875
-0.002471923828125
0.008636474609375
0.01226806640625
0.006439208984375
0.00115966796875
0.002777099609375
0.002471923828125
-0.006866455078125
0.0
0.00518798828125
0.008453369140625
-0.00091552734375
-0.00079345703125
0.007965087890625
0.007080078125
0.0103759765625
0.000457763671875
-0.0032958984375
0.006011962890625
-0.001800537109375
0.000885009765625
-0.00726318359375
-0.01287841796875
-0.003173828125
-0.0028076171875
0.004486083984375
-0.00335693359375
-0.001068115234375
0.003173828125
0.0025634765625
-0.0106201171875
0.000274658203125
-0.00262451171875
0.00830078125
0.006378173828125
0.000152587890625
0.00128173828125
-0.01171875
-0.0030517578125
-0.00042724609375
-0.003173828125
0.012786865234375
-0.00103759765625
0.01068115234375
-0.006256103515625
0.00665283203125
0.00274658203125
-0.0052490234375
-0.012908935546875
0.006591796875
-9.1552734375e-05
0.018951416015625
-0.020050048828125
0.002166748046875
-0.0008544921875
0.00457763671875
0.0067138671875
0.002410888671875
0.005767822265625
-0.007781982421875
0.00775146484375
-0.001556396484375
0.0069580078125
0.016265869140625
0.006500244140625
0.0
-0.0009765625
-0.014862060546875
0.0067138671875
-0.002593994140625
0.005279541015625
-0.01849365234375
0.001617431640625
-0.007293701171875
0.005035400390625
-0.0018310546875
0.000274658203125
-0.003265380859375
0.00628662109375
0.003936767578125
0.000823974609375
0.001708984375
0.009246826171875
0.001617431640625
-6.103515625e-05
0.00665283203125
-0.0164794921875
0.002593994140625
-0.011505126953125
-0.009429931640625
0.0028076171875
0.001251220703125
0.00836181640625
0.012939453125
-0.00140380859375
0.00079345703125
-0.02020263671875
-0.00421142578125
0.0013427734375
0.004913330078125
0.005889892578125
0.00469970703125
-3.0517578125e-05
-0.00726318359375
-0.00103759765625
-0.00335693359375
0.00177001953125
0.002532958984375
0.000762939453125
0.000335693359375
-0.01904296875
-0.003326416015625
-0.00152587890625
-0.0013427734375
-0.0001220703125
0.0052490234375
0.000579833984375
0.0048828125
6.103515625e-05
0.00994873046875
-0.002685546875
-0.002685546875
0.00372314453125
0.002716064453125
-0.013153076171875
0.006317138671875
0.0184326171875
0.0015869140625
0.0048828125
0.00823974609375
0.0029296875
-0.006561279296875
6.103515625e-05
-0.000640869140625
6.103515625e-05
-0.006744384765625
-0.004791259765625
0.001983642578125
0.0037841796875
-0.0006103515625
0.001251220703125
0.00018310546875
0.015533447265625
0.00653076171875
-0.001617431640625
0.004150390625
0.003265380859375
0.02117919921875
0.000213623046875
-0.006744384765625
0.00091552734375
0.006805419921875
-0.01068115234375
-0.00872802734375
-0.00750732421875
-0.0006103515625
-0.0111083984375
-0.024810791015625
-0.009918212890625
0.00750732421875
-0.00872802734375
-0.02667236328125
-0.001861572265625
0.014678955078125
-0.0023193359375
-0.011077880859375
0.014556884765625
0.025482177734375
0.015625
0.0001220703125
0.01129150390625
0.039520263671875
0.02020263671875
-0.007659912109375
0.008026123046875
0.0350341796875
-0.007049560546875
-0.03680419921875
-0.016448974609375
0.011322021484375
-0.032440185546875
-0.0567626953125
-0.022705078125
0.00140380859375
-0.03277587890625
-0.044891357421875
-0.007843017578125
0.021636962890625
-0.0224609375
-0.02630615234375
0.030975341796875
0.059722900390625
0.00628662109375
0.0
0.051605224609375
0.07269287109375
0.0191650390625
-0.00689697265625
0.063018798828125
0.0582275390625
-0.01690673828125
-0.030792236328125
0.016632080078125
0.012115478515625
-0.070037841796875
-0.07672119140625
-0.00164794921875
-0.02154541015625
-0.0916748046875
-0.086669921875
0.005462646484375
-0.001007080078125
-0.062744140625
-0.03411865234375
0.069366455078125
0.029266357421875
-0.03448486328125
0.034149169921875
0.12921142578125
0.0711669921875
0.0
0.076263427734375
0.138275146484375
0.0352783203125
-0.02911376953125
0.06298828125
0.07916259765625
-0.04681396484375
-0.088531494140625
0.0133056640625
-0.00079345703125
-0.141571044921875
-0.140228271484375
-0.018890380859375
-0.0372314453125
-0.152862548828125
-0.099212646484375
0.035797119140625
0.00103759765625
-0.097137451171875
0.01397705078125
0.121337890625
0.0538330078125
-0.019927978515625
0.1268310546875
0.199920654296875
0.0478515625
0.02020263671875
0.16546630859375
0.1478271484375
-0.0318603515625
-0.0267333984375
0.085174560546875
0.015838623046875
-0.15057373046875
-0.088287353515625
0.0267333984375
-0.118682861328125
-0.227691650390625
-0.07940673828125
0.00189208984375
-0.15478515625
-0.185302734375
0.025482177734375
0.04998779296875
-0.0936279296875
-0.027618408203125
0.1861572265625
0.106292724609375
-0.017364501953125
0.120269775390625
0.26873779296875
0.107330322265625
0.00604248046875
0.1826171875
0.1932373046875
-0.035614013671875
-0.065277099609375
0.116363525390625
0.013671875
-0.216094970703125
-0.12530517578125
0.022918701171875
-0.1710205078125
-0.29986572265625
-0.0845947265625
-0.009521484375
-0.2296142578125
-0.194305419921875
0.073974609375
0.0341796875
-0.12744140625
0.040191650390625
0.2550048828125
0.083251953125
-0.0093994140625
0.23486328125
0.29913330078125
0.037506103515625
0.043914794921875
0.26708984375
0.142578125
-0.113311767578125
0.022003173828125
0.149810791015625
-0.134307861328125
-0.27374267578125
-0.017242431640625
-0.047332763671875
-0.323822021484375
-0.238555908203125
0.0057373046875
-0.169219970703125
-0.313232421875
-0.02667236328125
0.10675048828125
-0.142852783203125
-0.077362060546875
0.255340576171875
0.170257568359375
-0.03900146484375
0.19842529296875
0.35870361328125
0.103271484375
0.026641845703125
0.303009033203125
0.23822021484375
-0.0926513671875
0.011138916015625
0.20697021484375
-0.09906005859375
-0.291168212890625
-0.016693115234375
-0.034271240234375
-0.40313720703125
-0.30615234375
0.000579833984375
-0.2042236328125
-0.394927978515625
-0.03424072265625
0.071441650390625
-0.224273681640625
-0.08282470703125
0.28021240234375
0.12347412109375
-0.063232421875
0.29119873046875
0.392669677734375
0.053924560546875
0.11669921875
0.405731201171875
0.193695068359375
-0.08746337890625
0.167633056640625
0.218719482421875
-0.2027587890625
-0.1654052734375
0.087738037109375
-0.165618896484375
-0.452117919921875
-0.12451171875
-0.056793212890625
-0.4161376953125
-0.307464599609375
0.054962158203125
-0.148956298828125
-0.30859375
0.094940185546875
0.20965576171875
-0.121734619140625
0.073883056640625
0.43817138671875
0.173126220703125
0.01715087890625
0.4195556640625
0.381439208984375
-0.01873779296875
0.14752197265625
0.36907958984375
-0.02301025390625
-0.2088623046875
0.1424560546875
-0.010345458984375
-0.39410400390625
-0.16534423828125
0.0
-0.3927001953125
-0.391326904296875
-0.002777099609375
-0.17608642578125
-0.426910400390625
-0.01287841796875
0.122650146484375
-0.218597412109375
-0.016571044921875
0.3773193359375
0.129730224609375
-0.00909423828125
0.41357421875
0.38720703125
0.002471923828125
0.2652587890625
0.4361572265625
0.007110595703125
-0.02777099609375
0.3018798828125
0.001068115234375
-0.312713623046875
-0.00323486328125
-0.007049560546875
-0.44818115234375
-0.27142333984375
-0.00311279296875
-0.35577392578125
-0.425140380859375
0.0234375
-0.087615966796875
-0.3616943359375
0.059600830078125
0.222015380859375
-0.13140869140625
0.076385498046875
0.449188232421875
0.145538330078125
0.04736328125
0.447357177734375
0.32891845703125
-0.02923583984375
0.273468017578125
0.349822998046875
-0.135162353515625
-0.03265380859375
0.22845458984375
-0.19439697265625
-0.3475341796875
0.029571533203125
-0.19390869140625
-0.51739501953125
-0.131378173828125
-0.064300537109375
-0.447479248046875
-0.21563720703125
0.118194580078125
-0.20404052734375
-0.17218017578125
0.288299560546875
0.097015380859375
-0.0830078125
0.359527587890625
0.373870849609375
0.001861572265625
0.28228759765625
0.46954345703125
0.02288818359375
0.061187744140625
0.383270263671875
-0.01715087890625
-0.2005615234375
0.16796875
-0.07110595703125
-0.404144287109375
-0.07598876953125
-0.07940673828125
-0.4981689453125
-0.241119384765625
-0.00421142578125
-0.3846435546875
-0.27642822265625
0.155792236328125
-0.12139892578125
-0.185699462890625
0.302093505859375
0.176849365234375
-0.067474365234375
0.36004638671875
0.38934326171875
0.007110595703125
0.2857666015625
0.462127685546875
-0.00042724609375
0.103851318359375
0.368133544921875
-0.078216552734375
-0.19000244140625
0.1632080078125
-0.149169921875
-0.434051513671875
-0.03216552734375
-0.159454345703125
-0.51873779296875
-0.1461181640625
-0.0518798828125
-0.4459228515625
-0.128570556640625
0.15374755859375
-0.216888427734375
-0.044036865234375
0.353759765625
0.038848876953125
0.0362548828125
0.479949951171875
0.21466064453125
0.03912353515625
0.45343017578125
0.273712158203125
-0.0740966796875
0.274261474609375
0.20941162109375
-0.2401123046875
0.011688232421875
0.086822509765625
-0.406463623046875
-0.203826904296875
0.0
-0.440765380859375
-0.347412109375
0.0155029296875
-0.354888916015625
-0.323638916015625
0.132904052734375
-0.11602783203125
-0.20294189453125
0.297332763671875
0.150115966796875
-0.066009521484375
0.40216064453125
0.322998046875
0.0008544921875
0.3843994140625
0.37213134765625
-0.049774169921875
0.23681640625
0.286102294921875
-0.193817138671875
0.012939453125
0.1439208984375
-0.345977783203125
-0.206146240234375
0.023284912109375
-0.43865966796875
-0.345855712890625
0.000396728515625
-0.38665771484375
-0.344085693359375
0.107391357421875
-0.20806884765625
-0.20770263671875
0.2950439453125
0.026214599609375
-0.055084228515625
0.433380126953125
0.228973388671875
0.021728515625
0.455474853515625
0.280487060546875
-0.017486572265625
0.3565673828125
0.19805908203125
-0.1529541015625
0.191070556640625
0.061370849609375
-0.349853515625
-0.00433349609375
-0.071685791015625
-0.504547119140625
-0.1446533203125
-0.116302490234375
-0.5423583984375
-0.1463623046875
-0.00054931640625
-0.38580322265625
-0.01513671875
0.22955322265625
-0.170379638671875
0.14801025390625
0.385711669921875
-0.006011962890625
0.22442626953125
0.440704345703125
0.03668212890625
0.199798583984375
0.381683349609375
-0.03985595703125
0.117645263671875
0.276336669921875
-0.190673828125
-0.013153076171875
0.126861572265625
-0.377410888671875
-0.19921875
-0.00836181640625
-0.49810791015625
-0.3040771484375
-0.014404296875
-0.494903564453125
-0.229248046875
0.172210693359375
-0.244659423828125
-0.023895263671875
0.395355224609375
-0.004608154296875
0.1385498046875
0.498992919921875
0.073577880859375
0.166290283203125
0.41168212890625
0.017852783203125
0.13262939453125
0.306304931640625
-0.089813232421875
0.079559326171875
0.195098876953125
-0.25006103515625
-0.00311279296875
0.03057861328125
-0.5111083984375
-0.171539306640625
-0.095367431640625
-0.63494873046875
-0.213623046875
-0.00537109375
-0.503814697265625
-0.017059326171875
0.25079345703125
-0.164947509765625
0.217010498046875
0.436309814453125
-0.009521484375
0.27874755859375
0.397613525390625
-0.0067138671875
0.238922119140625
0.21630859375
-0.040802001953125
0.227142333984375
0.092529296875
-0.082733154296875
0.238372802734375
-0.0894775390625
-0.265350341796875
0.113311767578125
-0.35528564453125
-0.499969482421875
-0.0025634765625
-0.464111328125
-0.54345703125
0.1202392578125
-0.2635498046875
-0.25665283203125
0.4183349609375
0.059326171875
0.0311279296875
0.53802490234375
0.145965576171875
0.098480224609375
0.391204833984375
0.04345703125
0.087646484375
0.22955322265625
-0.037506103515625
0.172119140625
0.131622314453125
-0.0838623046875
0.243743896484375
-0.032440185546875
-0.309661865234375
0.106842041015625
-0.331085205078125
-0.6036376953125
-0.018585205078125
-0.446807861328125
-0.6099853515625
0.160491943359375
-0.1947021484375
-0.23175048828125
0.491668701171875
0.136810302734375
0.06317138671875
0.581085205078125
0.153228759765625
0.089599609375
0.33721923828125
0.0028076171875
0.077728271484375
0.1220703125
-0.02264404296875
0.229156494140625
0.05291748046875
-0.01904296875
0.29473876953125
-0.188629150390625
-0.2293701171875
0.120208740234375
-0.590301513671875
-0.46636962890625
-0.02099609375
-0.73016357421875
-0.353759765625
0.205535888671875
-0.4000244140625
0.0848388671875
0.543304443359375
-0.0308837890625
0.334808349609375
0.52886962890625
0.0
0.243408203125
0.197998046875
-0.06268310546875
0.111968994140625
0.009002685546875
0.098724365234375
0.177825927734375
-0.05059814453125
0.285186767578125
0.091552734375
-0.3009033203125
0.1639404296875
-0.29498291015625
-0.685882568359375
-0.01910400390625
-0.54364013671875
-0.6934814453125
0.176727294921875
-0.29339599609375
-0.222412109375
0.598419189453125
0.06622314453125
0.163909912109375
0.623443603515625
0.086761474609375
0.15557861328125
0.301177978515625
-0.07073974609375
0.038604736328125
0.034332275390625
0.043121337890625
0.167022705078125
-0.01654052734375
0.32373046875
0.1578369140625
-0.225830078125
0.256072998046875
-0.2391357421875
-0.621917724609375
0.01812744140625
-0.634613037109375
-0.707733154296875
0.12109375
-0.4969482421875
-0.242919921875
0.54254150390625
-0.08160400390625
0.256195068359375
0.681640625
0.041900634765625
0.280487060546875
0.338653564453125
-0.1014404296875
0.070892333984375
0.017791748046875
-0.0015869140625
0.050506591796875
0.046844482421875
0.35137939453125
0.02569580078125
0.051483154296875
0.3553466796875
-0.41168212890625
-0.237274169921875
-0.010498046875
-0.888946533203125
-0.3402099609375
-0.156951904296875
-0.831634521484375
0.114227294921875
0.16162109375
-0.27471923828125
0.663909912109375
0.379608154296875
0.06201171875
0.61309814453125
0.138458251953125
-0.020233154296875
0.194671630859375
-0.071929931640625
-0.041229248046875
-0.00390625
0.147857666015625
0.159515380859375
0.022613525390625
0.4110107421875
0.008575439453125
-0.21990966796875
0.264404296875
-0.57861328125
-0.51885986328125
-0.038665771484375
-0.9215087890625
-0.338348388671875
0.07598876953125
-0.595550537109375
0.333160400390625
0.39202880859375
-0.077545166015625
0.699859619140625
0.34027099609375
0.0379638671875
0.430450439453125
-0.007110595703125
-0.050384521484375
0.04302978515625
-0.00872802734375
0.05084228515625
0.015350341796875
0.335784912109375
0.0977783203125
0.020904541015625
0.413726806640625
-0.346771240234375
-0.240020751953125
0.01873779296875
-0.9049072265625
-0.30902099609375
-0.23687744140625
-0.87457275390625
0.189849853515625
0.000274658203125
-0.224517822265625
0.7254638671875
0.162506103515625
0.229400634765625
0.6412353515625
-3.0517578125e-05
0.155731201171875
0.171630859375
-0.12554931640625
0.006103515625
0.00177001953125
0.151947021484375
0.011688232421875
0.221221923828125
0.329833984375
-0.17596435546875
0.291107177734375
-0.0977783203125
-0.627288818359375
0.05706787109375
-0.70465087890625
-0.681854248046875
0.041015625
-0.772186279296875
-0.026092529296875
0.331878662109375
-0.254119873046875
0.65106201171875
0.3966064453125
0.07427978515625
0.600250244140625
0.0609130859375
0.033660888671875
0.153106689453125
-0.110443115234375
-0.013092041015625
0.01251220703125
0.211151123046875
0.030517578125
0.2174072265625
0.36480712890625
-0.2430419921875
0.232391357421875
-0.133819580078125
-0.68365478515625
0.024383544921875
-0.75372314453125
-0.63519287109375
0.0675048828125
-0.7332763671875
0.127166748046875
0.325286865234375
-0.176910400390625
0.725250244140625
0.29925537109375
0.15216064453125
0.53875732421875
-0.037841796875
0.077667236328125
0.079742431640625
-0.08746337890625
0.012481689453125
0.067596435546875
0.211456298828125
-0.009735107421875
0.341766357421875
0.169647216796875
-0.2305908203125
0.306854248046875
-0.503570556640625
-0.4425048828125
-0.084381103515625
-1.0
-0.15594482421875
-0.235565185546875
-0.588134765625
0.5057373046875
-0.0732421875
0.225006103515625
0.719482421875
0.00408935546875
0.4993896484375
0.2757568359375
-0.067657470703125
0.180694580078125
-0.067535400390625
-0.038055419921875
-0.00079345703125
0.19415283203125
0.0634765625
0.1531982421875
0.393768310546875
-0.195526123046875
0.233642578125
-0.104583740234375
-0.6365966796875
0.052703857421875
-0.832855224609375
-0.502166748046875
-0.03582763671875
-0.79156494140625
0.27935791015625
0.061187744140625
-0.05859375
0.7723388671875
0.05987548828125
0.41607666015625
0.433441162109375
-0.0706787109375
0.235931396484375
-0.0384521484375
-0.072021484375
0.001129150390625
0.10089111328125
0.0460205078125
0.116729736328125
0.40032958984375
-0.117889404296875
0.2708740234375
-0.016143798828125
-0.51678466796875
0.100982666015625
-0.805694580078125
-0.463714599609375
-0.1641845703125
-0.883575439453125
0.233245849609375
-0.16815185546875
-0.047027587890625
0.70269775390625
-0.035888671875
0.588653564453125
0.37261962890625
0.012725830078125
0.3582763671875
-0.075531005859375
0.003448486328125
0.005615234375
0.022064208984375
0.009063720703125
0.201416015625
0.24664306640625
-0.0439453125
0.4346923828125
-0.196441650390625
-0.142608642578125
0.030548095703125
-0.857513427734375
-0.075836181640625
-0.646392822265625
-0.645263671875
0.14910888671875
-0.627777099609375
0.338836669921875
0.254547119140625
0.018798828125
0.790313720703125
0.0650634765625
0.377288818359375
0.292694091796875
-0.079345703125
0.150390625
-0.081756591796875
-0.018157958984375
0.004180908203125
0.2103271484375
0.015228271484375
0.28009033203125
0.247833251953125
-0.17913818359375
0.344696044921875
-0.50079345703125
-0.248931884765625
-0.207550048828125
-0.951751708984375
0.009613037109375
-0.687225341796875
-0.267669677734375
0.27471923828125
-0.353118896484375
0.6715087890625
0.1634521484375
0.293914794921875
0.60455322265625
-0.039581298828125
0.34478759765625
0.00775146484375
-0.04852294921875
0.0321044921875
0.01416015625
0.01373291015625
0.14520263671875
0.270843505859375
-0.0272216796875
0.43695068359375
-0.17584228515625
-0.05694580078125
-3.0517578125e-05
-0.82098388671875
-0.00567626953125
-0.80120849609375
-0.461761474609375
-0.026580810546875
-0.659027099609375
0.4774169921875
-0.07537841796875
0.294036865234375
0.624359130859375
0.01312255859375
0.619842529296875
0.067291259765625
0.098876953125
0.1336669921875
-0.094635009765625
0.02264404296875
0.032379150390625
0.1094970703125
0.0543212890625
0.37420654296875
-0.07568359375
0.297515869140625
-0.01458740234375
-0.370880126953125
0.11358642578125
-0.877044677734375
-0.157867431640625
-0.553253173828125
-0.6492919921875
0.160369873046875
-0.6124267578125
0.458526611328125
0.129852294921875
0.18951416015625
0.72186279296875
-0.0006103515625
0.541107177734375
0.075653076171875
0.030670166015625
0.097320556640625
-0.10479736328125
0.0147705078125
0.070892333984375
0.117523193359375
0.07281494140625
0.39251708984375
-0.119659423828125
0.317626953125
-0.134552001953125
-0.37103271484375
0.01904296875
-0.923583984375
-0.073333740234375
-0.684417724609375
-0.42340087890625
0.12884521484375
-0.511505126953125
0.616455078125
-0.02685546875
0.435943603515625
0.516082763671875
0.049468994140625
0.53594970703125
-0.068572998046875
0.142333984375
-0.005096435546875
-0.043365478515625
-0.0030517578125
0.135009765625
0.04205322265625
0.255950927734375
0.255462646484375
-0.09765625
0.371429443359375
-0.490570068359375
-0.00701904296875
-0.45611572265625
-0.702667236328125
-0.079437255859375
-0.94378662109375
0.14453125
-0.392425537109375
0.043975830078125
0.458038330078125
-0.062835693359375
0.798431396484375
0.06817626953125
0.435455322265625
0.21795654296875
-0.018310546875
0.15399169921875
-0.100372314453125
0.012298583984375
0.03717041015625
0.118743896484375
0.069976806640625
0.379669189453125
-0.104736328125
0.365264892578125
-0.176239013671875
-0.229339599609375
-0.06463623046875
-0.88037109375
-0.0025634765625
-0.888427734375
-0.165618896484375
-0.210174560546875
-0.326751708984375
0.537353515625
-0.19024658203125
0.72735595703125
0.17449951171875
0.363189697265625
0.38958740234375
-0.03924560546875
0.241912841796875
-0.12884521484375
0.015869140625
0.004730224609375
0.0782470703125
0.033172607421875
0.365478515625
-0.04736328125
0.380340576171875
-0.078155517578125
-0.118072509765625
0.0
-0.779449462890625
0.01446533203125
-0.95428466796875
-0.155029296875
-0.4056396484375
-0.341827392578125
0.377960205078125
-0.27386474609375
0.743316650390625
0.047027587890625
0.522003173828125
0.332061767578125
0.0887451171875
0.299102783203125
-0.144134521484375
0.08441162109375
-0.046661376953125
-0.0015869140625
0.074066162109375
0.23516845703125
-0.000885009765625
0.441986083984375
-0.170196533203125
0.23272705078125
-0.23272705078125
-0.400360107421875
-0.11572265625
-0.938873291015625
0.017333984375
-0.88409423828125
0.03375244140625
-0.187469482421875
-0.03778076171875
0.53857421875
-0.05218505859375
0.78106689453125
0.036834716796875
0.472015380859375
0.11773681640625
0.040191650390625
0.0870361328125
-0.09600830078125
0.0047607421875
0.087005615234375
0.033935546875
0.237030029296875
0.2032470703125
0.014923095703125
0.346923828125
-0.4375
0.212615966796875
-0.71588134765625
-0.2193603515625
-0.55426025390625
-0.645904541015625
-0.00274658203125
-0.662078857421875
0.48504638671875
-0.283355712890625
0.597991943359375
0.2215576171875
0.353607177734375
0.481201171875
0.0118408203125
0.36181640625
-0.129241943359375
0.09259033203125
-0.059112548828125
0.01458740234375
0.0498046875
0.221038818359375
0.0162353515625
0.43963623046875
-0.168121337890625
0.320587158203125
-0.34698486328125
-0.203369140625
-0.308837890625
-0.765625
-0.0712890625
-0.948822021484375
0.201568603515625
-0.570892333984375
0.340423583984375
0.112274169921875
0.2698974609375
0.58355712890625
0.075439453125
0.605255126953125
-0.069183349609375
0.283203125
-0.08734130859375
0.00201416015625
-0.01739501953125
0.03692626953125
0.027801513671875
0.327392578125
-0.0308837890625
0.42645263671875
-0.16265869140625
0.188751220703125
-0.261962890625
-0.394866943359375
-0.205230712890625
-0.890594482421875
0.00189208984375
-0.90411376953125
0.234771728515625
-0.436614990234375
0.360076904296875
0.192596435546875
0.27862548828125
0.5887451171875
0.07330322265625
0.54205322265625
-0.0880126953125
0.2391357421875
-0.103729248046875
0.0028076171875
-0.007598876953125
0.074798583984375
0.06658935546875
0.32476806640625
-0.03173828125
0.435760498046875
-0.287628173828125
0.250579833984375
-0.499359130859375
-0.220916748046875
-0.486083984375
-0.67010498046875
-0.140899658203125
-0.760467529296875
0.314178466796875
-0.487335205078125
0.628143310546875
-0.053314208984375
0.61370849609375
0.283843994140625
0.293121337890625
0.30755615234375
-0.029541015625
0.161590576171875
-0.131744384765625
0.00750732421875
0.047637939453125
0.011627197265625
0.232025146484375
0.116363525390625
0.19598388671875
0.201995849609375
-0.202728271484375
0.170562744140625
-0.70166015625
0.048980712890625
-0.96405029296875
-0.0443115234375
-0.7764892578125
-0.034210205078125
-0.2017822265625
0.037872314453125
0.422882080078125
0.074859619140625
0.704864501953125
0.01763916015625
0.57275390625
-0.0716552734375
0.2437744140625
-0.088531494140625
0.011749267578125
-0.008636474609375
0.05029296875
0.076385498046875
0.2705078125
0.013885498046875
0.42144775390625
-0.262481689453125
0.330841064453125
-0.600341796875
0.024932861328125
-0.750640869140625
-0.31195068359375
-0.54254150390625
-0.432861328125
-0.0318603515625
-0.3265380859375
0.520599365234375
-0.127471923828125
0.773529052734375
-0.00250244140625
0.649871826171875
0.0
0.288970947265625
-0.03741455078125
0.024017333984375
-0.023223876953125
0.01312255859375
0.034881591796875
0.229888916015625
0.021148681640625
0.408355712890625
-0.175323486328125
0.37646484375
-0.487823486328125
0.09954833984375
-0.718658447265625
-0.245452880859375
-0.62530517578125
-0.412811279296875
-0.20599365234375
-0.34326171875
0.343353271484375
-0.1456298828125
0.727325439453125
-0.01300048828125
0.720245361328125
-0.01641845703125
0.439666748046875
-0.076934814453125
0.114227294921875
-0.062408447265625
-0.011077880859375
0.031463623046875
0.11395263671875
0.095855712890625
0.293426513671875
-0.004913330078125
0.367889404296875
-0.3599853515625
0.2279052734375
-0.7679443359375
0.028411865234375
-0.97430419921875
-0.057464599609375
-0.752044677734375
0.038299560546875
-0.24249267578125
0.205841064453125
0.275543212890625
0.27618408203125
0.53619384765625
0.1513671875
0.466461181640625
-0.037353515625
0.22222900390625
-0.12841796875
0.039764404296875
0.00091552734375
-0.001495361328125
0.240142822265625
0.031494140625
0.3575439453125
-0.0113525390625
0.180694580078125
-0.167144775390625
-0.22052001953125
-0.327850341796875
-0.599578857421875
-0.271759033203125
-0.75830078125
0.027496337890625
-0.59149169921875
0.465545654296875
-0.2742919921875
0.775421142578125
-0.0408935546875
0.735931396484375
0.007598876953125
0.45184326171875
-0.059112548828125
0.13006591796875
-0.071136474609375
0.004730224609375
0.024658203125
0.069366455078125
0.152252197265625
0.22052001953125
0.111663818359375
0.25244140625
-0.2032470703125
0.126678466796875
-0.63482666015625
-0.021514892578125
-0.9149169921875
-0.002655029296875
-0.9176025390625
0.234527587890625
-0.604156494140625
0.5574951171875
-0.20306396484375
0.724639892578125
0.064666748046875
0.602569580078125
0.08489990234375
0.315521240234375
-0.0069580078125
0.05615234375
-0.0367431640625
-0.006378173828125
0.034423828125
0.130950927734375
0.122955322265625
0.272216796875
0.032318115234375
0.273651123046875
-0.31195068359375
0.10760498046875
-0.71099853515625
-0.0374755859375
-0.9625244140625
0.0184326171875
-0.860198974609375
0.297698974609375
-0.5277099609375
0.63665771484375
-0.155548095703125
0.776611328125
0.026092529296875
0.62261962890625
0.0
0.3111572265625
-0.083984375
0.064453125
-0.060272216796875
-0.00164794921875
0.09210205078125
0.092010498046875
0.22515869140625
0.137298583984375
0.1627197265625
0.0152587890625
-0.12744140625
-0.20550537109375
-0.473052978515625
-0.341796875
-0.66162109375
-0.22930908203125
-0.544281005859375
0.134796142578125
-0.23468017578125
0.497161865234375
0.018402099609375
0.630126953125
0.0745849609375
0.521759033203125
-0.03131103515625
0.27252197265625
-0.110748291015625
0.054046630859375
-0.028167724609375
-0.004119873046875
0.181854248046875
-0.001617431640625
0.38104248046875
-0.097930908203125
0.398101806640625
-0.3665771484375
0.217437744140625
-0.702239990234375
0.028717041015625
-0.905426025390625
0.008636474609375
-0.78857421875
0.20977783203125
-0.46563720703125
0.50006103515625
-0.132232666015625
0.64898681640625
0.04583740234375
0.553924560546875
0.012603759765625
0.306915283203125
-0.07489013671875
0.073089599609375
-0.055816650390625
0.0118408203125
0.08135986328125
0.0364990234375
0.24468994140625
0.0211181640625
0.284027099609375
-0.143829345703125
0.127471923828125
-0.416473388671875
-0.07965087890625
-0.6312255859375
-0.166015625
-0.623809814453125
-0.033660888671875
-0.37030029296875
0.237152099609375
-0.07586669921875
0.43353271484375
0.111480712890625
0.4598388671875
0.105072021484375
0.294219970703125
-0.006103515625
0.106842041015625
-0.05633544921875
-0.006591796875
0.025970458984375
0.019744873046875
0.174407958984375
0.04669189453125
0.250762939453125
-0.058197021484375
0.1553955078125
-0.29071044921875
-0.014404296875
-0.532012939453125
-0.114959716796875
-0.58551025390625
-0.03643798828125
-0.454925537109375
0.186187744140625
-0.202392578125
0.403656005859375
0.004974365234375
0.471771240234375
0.041595458984375
0.3533935546875
-0.027801513671875
0.162200927734375
-0.078704833984375
0.035980224609375
-0.012908935546875
-0.005706787109375
0.1453857421875
0.001068115234375
0.2530517578125
-0.080078125
0.244171142578125
-0.26080322265625
0.12481689453125
-0.477813720703125
0.01373291015625
-0.582122802734375
0.02490234375
-0.496795654296875
0.15924072265625
-0.283447265625
0.340850830078125
-0.0679931640625
0.403045654296875
0.027252197265625
0.31817626953125
0.0048828125
0.15399169921875
-0.041961669921875
0.029815673828125
-0.029205322265625
0.001434326171875
0.045623779296875
0.03839111328125
0.116455078125
0.048828125
0.093902587890625
-0.01385498046875
-0.044830322265625
-0.1104736328125
-0.207366943359375
-0.173126220703125
-0.287994384765625
-0.11163330078125
-0.227264404296875
0.052581787109375
-0.09979248046875
0.221710205078125
0.0029296875
0.293121337890625
0.025421142578125
0.230377197265625
-0.0189208984375
0.118560791015625
-0.051116943359375
0.024078369140625
-0.021759033203125
-0.00238037109375
0.07232666015625
0.00238037109375
0.13665771484375
-0.026336669921875
0.126312255859375
-0.109344482421875
0.0341796875
-0.19671630859375
-0.066436767578125
-0.2197265625
-0.10675048828125
-0.1495361328125
-0.063995361328125
-0.008148193359375
0.010711669921875
0.1168212890625
0.050445556640625
0.169952392578125
0.034912109375
0.13330078125
-0.0111083984375
0.064971923828125
-0.031585693359375
0.00897216796875
-0.001068115234375
-0.0025634765625
0.061737060546875
-0.0008544921875
0.097137451171875
-0.0240478515625
0.0706787109375
-0.077606201171875
-3.0517578125e-05
-0.119171142578125
-0.068695068359375
-0.11920166015625
-0.092864990234375
-0.052001953125
-0.06109619140625
0.0418701171875
-0.0145263671875
0.11065673828125
0.010589599609375
0.122161865234375
0.001312255859375
0.083709716796875
-0.01776123046875
0.030242919921875
-0.018280029296875
0.002105712890625
0.006683349609375
0.003265380859375
0.034698486328125
0.0125732421875
0.034454345703125
0.00982666015625
-0.001800537109375
-0.00762939453125
-0.056396484375
-0.019561767578125
-0.09393310546875
-0.009918212890625
-0.091400146484375
0.02215576171875
-0.06170654296875
0.056427001953125
-0.019866943359375
0.0677490234375
0.0050048828125
0.050933837890625
0.00982666015625
0.0216064453125
0.00372314453125
0.000274658203125
-0.001953125
-0.000946044921875
0.00103759765625
0.011505126953125
0.001495361328125
0.0242919921875
-0.006866455078125
0.022308349609375
-0.02215576171875
0.009063720703125
-0.03436279296875
-0.006072998046875
-0.03216552734375
-0.012939453125
-0.016876220703125
-0.00909423828125
0.004486083984375
-0.002655029296875
0.018951416015625
0.00079345703125
0.021026611328125
-9.1552734375e-05
0.013092041015625
-0.0020751953125
0.004119873046875
-0.002166748046875
9.1552734375e-05
0.000396728515625
0.00091552734375
0.001922607421875
0.003265380859375
0.000732421875
0.0040283203125
-0.0028076171875
0.002288818359375
-0.0059814453125
0.00042724609375
-0.006439208984375
-0.000457763671875
-0.0040283203125
-0.000335693359375
-0.00103759765625
9.1552734375e-05
0.000823974609375
0.000274658203125
0.001068115234375
6.103515625e-05
0.00054931640625
-6.103515625e-05
0.0001220703125
-3.0517578125e-05
0.0
-3.0517578125e-05
0.0
