0
0
-1
0
0
0
-1
-1
-1
-1
1
-1
-1
-2
2
-5
1
1
3
7
-19
8
-2
3
7
-5
3
1
1
3
-14
1
-1
-17
20
-12
1
-1
12
1
-18
-11
7
20
13
-51
1
-2
6
-61
-24
-3
-47
66
-50
-1
-1
-26
20
-109
-53
13
116
153
-35
-14
4
-45
-87
-86
-4
-12
47
-82
3
-7
-32
28
126
14
-32
200
-167
-29
-3
-124
131
-149
82
17
-67
147
-23
20
-91
166
141
-34
14
46
31
37
89
-53
27
-160
-160
10
-21
74
170
-94
99
53
-88
36
-7
56
251
-25
-110
-44
-148
-189
267
0
225
76
-276
-60
-3
217
90
-125
-40
293
-353
-124
-21
-138
-63
116
269
37
243
-358
228
-19
172
-40
-33
50
143
832
-401
-42
55
322
33
-54
-1
119
358
537
-32
322
398
-673
275
99
-208
297
-228
1
-7
-50
-126
-31
63
-203
531
69
66
0
717
-122
64
-633
-496
-205
-58
-105
220
299
-14
-77
-235
-264
-23
-10
161
416
-25
-55
-436
474
46
1
-176
-79
71
-37
179
709
-83
3
-93
807
-9
-2
-641
307
191
-74
224
437
125
285
197
-491
143
147
-192
1210
-190
165
194
-302
-164
-87
128
-481
-597
102
-10
-171
-781
103
-45
564
-334
113
-101
676
-170
-474
-307
-390
-702
-82
263
51
-191
51
10
-662
240
-63
-306
-216
496
-243
292
152
64
-24
533
87
-275
78
-218
-763
-707
-175
266
-206
-1127
-156
548
778
409
75
177
158
-435
1
330
536
-59
-50
505
450
657
30
-208
381
-115
57
-460
-815
-200
-178
284
-213
-67
201
162
-673
18
-165
527
405
10
82
-743
-193
-28
-201
811
-65
678
-397
422
176
-333
-818
418
-6
1202
-1271
138
-53
290
427
154
365
-492
492
-98
441
1032
412
0
-62
-941
427
-164
335
-1172
103
-462
319
-115
18
-206
399
249
52
110
586
104
-3
421
-1045
164
-728
-598
178
80
530
820
-88
50
-1280
-266
85
312
373
298
-1
-459
-65
-212
113
161
50
22
-1206
-211
-97
-85
-7
333
37
310
5
631
-170
-170
237
172
-833
401
1169
100
309
524
187
-416
5
-40
5
-427
-302
126
241
-38
80
12
986
415
-102
263
208
1343
14
-427
58
432
-677
-552
-476
-37
-705
-1572
-628
476
-553
-1690
-117
930
-147
-701
923
1615
991
9
716
2505
1280
-484
508
2221
-447
-2332
-1041
718
-2055
-3597
-1439
89
-2077
-2844
-497
1372
-1423
-1667
1964
3785
398
0
3271
4608
1215
-437
3996
3691
-1072
-1952
1054
768
-4439
-4862
-103
-1366
-5810
-5492
346
-63
-3977
-2161
4398
1855
-2185
2165
8191
4511
1
4834
8765
2237
-1845
3992
5019
-2967
-5612
843
-50
-8972
-8888
-1196
-2359
-9688
-6288
2269
66
-6156
887
7691
3413
-1263
8039
12673
3033
1282
10488
9370
-2019
-1695
5400
1005
-9544
-5595
1694
-7521
-14431
-5034
121
-9811
-11745
1616
3170
-5933
-1750
11799
6738
-1101
7624
17034
6804
383
11575
12249
-2257
-4137
7376
866
-13696
-7942
1453
-10840
-19006
-5362
-603
-14553
-12315
4689
2167
-8078
2547
16164
5277
-596
14888
18961
2378
2784
16930
9038
-7181
1395
9496
-8512
-17350
-1093
-3000
-20524
-15120
364
-10726
-19853
-1691
6766
-9054
-4904
16184
10793
-2471
12577
22737
6546
1690
19207
15100
-5872
706
13119
-6278
-18455
-1057
-2172
-25552
-19406
37
-12944
-25032
-2170
4529
-14216
-5249
17761
7827
-4007
18458
24889
3418
7397
25718
12277
-5544
10625
13864
-12851
-10483
5562
-10497
-28657
-7892
-3600
-26377
-19488
3485
-9441
-19560
6018
13289
-7716
4683
27773
10973
1088
26594
24177
-1188
9350
23394
-1457
-13238
9030
-656
-24979
-10480
0
-24890
-24803
-176
-11161
-27058
-816
7774
-13855
-1050
23916
8224
-576
26214
24544
157
16814
27647
452
-1760
19135
67
-19821
-204
-446
-28408
-17204
-197
-22550
-26947
1485
-5553
-22926
3779
14073
-8329
4842
28472
9225
3002
28356
20849
-1852
17334
22174
-8566
-2069
14481
-12321
-22027
1874
-12290
-32768
-8327
-4076
-28363
-13667
7493
-12933
-10912
18273
6150
-5261
22789
23699
119
17894
29762
1451
3879
24294
-1086
-12712
10647
-4506
-25616
-4816
-5034
-31576
-15283
-266
-24380
-17522
9875
-7694
-11770
19148
11209
-4277
22821
24679
451
18114
29292
-27
6583
23334
-4958
-12043
10345
-9454
-27512
-2038
-10106
-32768
-9261
-3287
-28265
-8149
9746
-13747
-2791
22424
2462
2298
30422
13607
2480
28741
17349
-4696
17385
13275
-15219
742
5504
-25764
-12919
0
-27936
-22020
983
-22494
-20513
8425
-7353
-12862
18847
9515
-4183
25492
20474
54
24366
23588
-3155
15011
18134
-12285
821
9122
-21929
-13066
1477
-27805
-21922
25
-24508
-21809
6808
-13188
-13165
18701
1662
-3492
27471
14513
1377
28870
17779
-1107
22602
12554
-9695
12111
3890
-22175
-274
-4544
-31979
-9169
-7371
-32768
-9276
-34
-24453
-959
14550
-10798
9382
24449
-381
14225
27933
2326
12665
24193
-2525
7457
17515
-12085
-834
8041
-23922
-12627
-529
-31572
-19273
-912
-31368
-14529
10915
-15507
-1514
25060
-291
8782
31629
4663
10540
26094
1132
8406
19415
-5692
5043
12366
-15849
-197
1939
-32396
-10872
-6044
-32768
-13540
-341
-31933
-1081
15896
-10454
13755
27657
-602
17668
25202
-425
15144
13710
-2586
14398
5865
-5243
15109
-5671
-16819
7182
-22519
-31689
-163
-29416
-32768
7622
-16704
-16267
26517
3762
1973
32767
9252
6243
24796
2755
5556
14551
-2376
10911
8342
-5315
15450
-2056
-19627
6772
-20986
-32768
-1177
-28319
-32768
10173
-12341
-14690
31164
8671
4005
32767
9713
5680
21376
179
4927
7738
-1435
14526
3354
-1206
18682
-11955
-14538
7620
-32768
-29560
-1331
-32768
-22423
13029
-25355
5378
32767
-1957
21222
32767
0
15428
12550
-3973
7097
571
6258
11271
-3206
18077
5803
-19072
10392
-18696
-32768
-1211
-32768
-32768
11202
-18596
-14096
32767
4198
10390
32767
5501
9862
19090
-4483
2447
2177
2734
10587
-1048
20520
10006
-14313
16231
-15158
-32768
1149
-32768
-32768
7675
-31498
-15397
32767
-5172
16239
32767
2657
17780
21465
-6430
4495
1127
-100
3202
2970
22272
1630
3264
22524
-26095
-15039
-665
-32768
-21564
-9949
-32768
7241
10244
-17412
32767
24061
3932
32767
8777
-1281
12339
-4558
-2612
-247
9373
10112
1433
26052
545
-13939
16759
-32768
-32768
-2451
-32768
-21445
4817
-32768
21118
24848
-4914
32767
21569
2407
27283
-450
-3194
2729
-553
3223
973
21284
6197
1326
26224
-21980
-15213
1188
-32768
-19586
-15013
-32768
12034
17
-14230
32767
10300
14541
32767
-1
9871
10878
-7957
388
112
9632
740
14022
20908
-11154
18453
-6198
-32768
3618
-32768
-32768
2600
-32768
-1654
21036
-16107
32767
25139
4709
32767
3862
2133
9706
-7000
-829
793
13384
1935
13781
23123
-15405
14731
-8481
-32768
1547
-32768
-32768
4280
-32768
8061
20618
-11213
32767
18969
9645
32767
-2398
4923
5054
-5543
791
4286
13403
-617
21663
10754
-14616
19449
-31918
-28048
-5348
-32768
-9885
-14931
-32768
32056
-4642
14263
32767
259
31654
17478
-4289
11454
-4281
-2412
-49
12306
4024
9712
24959
-12393
14810
-6628
-32768
3341
-32768
-31829
-2270
-32768
17708
3878
-3713
32767
3795
26372
27474
-4479
14955
-2436
-4564
72
6395
2918
7400
25375
-7471
17169
-1023
-32756
6401
-32768
-29391
-10407
-32768
14785
-10657
-2980
32767
-2275
32767
23619
807
22710
-4787
220
356
1399
575
12768
15634
-2785
27553
-12451
-9038
1938
-32768
-4806
-32768
-32768
9452
-32768
21477
16135
1193
32767
4125
23916
18553
-5028
9533
-5181
-1151
266
13331
965
17753
15709
-11355
21849
-31741
-15779
-13155
-32768
610
-32768
-16966
17413
-22383
32767
10362
18631
32767
-2508
21854
492
-3076
2035
898
871
9204
17168
-1725
27696
-11144
-3609
-1
-32768
-360
-32768
-29268
-1685
-32768
30261
-4778
18637
32767
832
32767
4266
6267
8472
-5998
1435
2052
6941
3443
23720
-4798
18859
-924
-23507
7199
-32768
-10005
-32768
-32768
10166
-32768
29064
8230
12013
32767
-39
32767
4796
1945
6169
-6643
937
4493
7449
4615
24880
-7583
20133
-8527
-23517
1208
-32768
-4647
-32768
-26837
8168
-32422
32767
-1701
27632
32712
3136
32767
-4346
9023
-322
-2749
-193
8558
2666
16223
16192
-6189
23544
-31093
-445
-28910
-32768
-5035
-32768
9162
-24874
2788
29033
-3982
32767
4321
27601
13815
-1160
9762
-6361
781
2356
7528
4436
24065
-6639
23152
-11170
-14537
-4097
-32768
-162
-32768
-10497
-13320
-20710
32767
-12058
32767
11061
23021
24694
-2488
15334
-8165
1006
301
4960
2104
23167
-3002
24109
-4953
-7483
0
-32768
917
-32768
-9826
-25711
-21667
23957
-17359
32767
2981
32767
21048
5626
18960
-9136
5351
-2957
-101
4695
14907
-55
28015
-10786
14752
-14750
-25376
-7335
-32768
1098
-32768
2139
-11882
-2395
32767
-3307
32767
2335
29919
7463
2547
5517
-6085
303
5516
2151
15025
12883
947
21990
-27730
13476
-32768
-13904
-32768
-32768
-173
-32768
30745
-17959
32767
14043
22413
30500
752
22933
-8192
5869
-3746
924
3158
14011
1030
27867
-10656
20320
-21994
-12890
-19576
-32768
-4519
-32768
12777
-32768
21578
7118
17108
32767
4782
32767
-4386
17951
-5536
129
-1101
2340
1762
20752
-1958
27032
-10310
11965
-16603
-25027
-13008
-32768
121
-32768
14882
-27675
22824
12208
17662
32767
4647
32767
-5577
15158
-6575
178
-481
4741
4221
20585
-2011
27620
-18230
15883
-31652
-14001
-30810
-32768
-8930
-32768
19914
-30888
32767
-3378
32767
17991
18579
19495
-1872
10243
-8350
476
3020
737
14708
7376
12423
12804
-12849
10811
-32768
3104
-32768
-2809
-32768
-2168
-12789
2401
26805
4745
32767
1119
32767
-4541
15451
-5611
745
-548
3187
4841
17146
881
26714
-16636
20971
-32768
1582
-32768
-19773
-32768
-27437
-2019
-20696
32767
-8079
32767
-158
32767
0
18316
-2370
1522
-1472
832
2211
14573
1341
25884
-11112
23863
-30921
6310
-32768
-15557
-32768
-26166
-13057
-21757
21764
-9230
32767
-823
32767
-1040
27868
-4876
7240
-3955
-701
1994
7224
6077
18599
-311
23318
-22818
14446
-32768
1802
-32768
-3642
-32768
2429
-15370
13047
17466
17507
32767
9594
29566
-2368
14087
-8139
2521
58
-94
15221
1997
22664
-719
11453
-10594
-13976
-20781
-32768
-17225
-32768
1743
-32768
29509
-17385
32767
-2591
32767
482
28640
-3747
8244
-4509
301
1564
4397
9651
13978
7079
16001
-12882
8030
-32768
-1363
-32768
-169
-32768
14867
-32768
32767
-12871
32767
4099
32767
5381
19999
-441
3560
-2329
-403
2183
8302
7793
17255
2050
17345
-19773
6822
-32768
-2375
-32768
1168
-32768
18870
-32768
32767
-9859
32767
1654
32767
0
19723
-5323
4087
-3820
-104
5838
5833
14272
8704
10314
969
-8077
-13025
-29983
-21665
-32768
-14534
-32768
8545
-14875
31512
1167
32767
4728
32767
-1984
17274
-7019
3426
-1784
-261
11527
-102
24152
-6208
25233
-23236
13783
-32768
1820
-32768
548
-32768
13298
-29514
31697
-8382
32767
2906
32767
800
19454
-4747
4633
-3538
752
5157
2314
15510
1339
18004
-9117
8080
-26397
-5049
-32768
-10522
-32768
-2133
-23470
15032
-4809
27480
7066
29147
6661
18650
-387
6772
-3570
-417
1647
1252
11056
2960
15895
-3689
9850
-18427
-913
-32768
-7287
-32768
-2309
-28835
11802
-12827
25585
316
29904
2637
22399
-1762
10282
-4987
2282
-818
-361
9216
68
16040
-5075
15476
-16529
7912
-30286
871
-32768
1578
-31488
10094
-17967
21605
-4310
25547
1729
20168
310
9761
-2659
1890
-1851
92
2892
2434
7382
3096
5953
-878
-2840
-7003
-13143
-10974
-18254
-7075
-14405
3333
-6326
14054
186
18580
1611
14603
-1200
7515
-3240
1526
-1379
-150
4585
152
8662
-1668
8007
-6930
2167
-12469
-4211
-13926
-6765
-9479
-4056
-517
679
7405
3198
10774
2214
8449
-704
4119
-2002
569
-67
-162
3914
-54
6157
-1523
4480
-4918
-1
-7552
-4355
-7555
-5886
-3296
-3873
2654
-920
7014
672
7743
84
5306
-1125
1917
-1158
134
425
208
2200
797
2185
624
-115
-483
-3574
-1240
-5954
-627
-5794
1406
-3911
3576
-1258
4294
319
3229
624
1370
236
18
-123
-60
65
730
95
1540
-434
1415
-1404
576
-2177
-385
-2039
-820
-1069
-576
285
-168
1201
50
1332
-5
829
-131
262
-136
6
26
59
123
207
46
256
-178
146
-378
28
-407
-29
-256
-21
-65
7
53
17
68
5
35
-3
8
-2
0
-1
0
